2877	2880
3011	3032
47880	52365
